# Time-averaged data for fix data1
# TimeStep v_E v_Temp v_Pres v_Dens
500 119603 1171.96 671786 2.48582
1000 38488.3 320.223 452309 2.47174
1500 34482.5 305.396 433092 2.45778
2000 32346.3 305.328 418834 2.44393
2500 30313.4 303.805 405437 2.4302
3000 28639.6 304.716 393983 2.41658
3500 26934.1 303.179 382516 2.40307
4000 25363.5 302.751 371464 2.38967
4500 23852.5 302.322 360668 2.37639
5000 22438.5 302.128 350299 2.36321
5500 21146.9 302.991 340334 2.35014
6000 19802 303.109 330403 2.33717
6500 18434 302.476 321170 2.32431
7000 17256.6 304.358 311901 2.31155
7500 16024.5 304.241 303533 2.2989
8000 14823.5 303.994 294670 2.28634
8500 13687.9 303.971 286376 2.27389
9000 12554.6 303.787 278198 2.26154
9500 11492.8 303.95 270524 2.24928
10000 10494 304.918 263101 2.23713
10500 9285.86 302.293 255548 2.22507
11000 8412.04 302.788 248313 2.2131
11500 7476.94 303.178 241361 2.20123
12000 6493.87 302.522 234465 2.18945
12500 5792.3 304.678 227830 2.17777
13000 4746.23 302.407 221455 2.16617
13500 3942.78 303.525 214945 2.15467
14000 3165.93 304.231 209319 2.14325
14500 2247.16 303.622 203213 2.13193
15000 1388.21 302.059 197550 2.12069
15500 845.892 304.454 192394 2.10954
16000 19.2381 303.672 186899 2.09847
16500 -709.101 303.251 181864 2.08749
17000 -1416.63 303.278 176442 2.0766
17500 -2068 303.13 171472 2.06579
18000 -2707.3 303.164 166752 2.05506
18500 -3423.31 302.428 162052 2.04441
19000 -4003.25 302.538 157702 2.03384
19500 -4554.67 303.233 153272 2.02335
20000 -5232.9 302.392 148966 2.01294
20500 -5724 302.936 144820 2.00261
21000 -6107.94 305.247 140875 1.99236
21500 -6754.27 303.437 136761 1.98218
22000 -7344.04 302.197 132841 1.97209
22500 -7676.57 304.661 129389 1.96206
23000 -8170.72 304.806 125750 1.95211
23500 -8569.75 305.406 122030 1.94224
24000 -9165.14 303.651 118821 1.93243
24500 -9557.1 303.882 115588 1.9227
25000 -10032.1 303.433 112317 1.91305
25500 -10555.8 302.244 109065 1.90346
26000 -10967.1 302.442 106113 1.89394
26500 -11414.6 301.73 103209 1.88449
27000 -11713.8 303.075 100124 1.87512
27500 -12113.1 302.278 97395.5 1.86581
28000 -12353.1 303.035 94997.9 1.85656
28500 -12680.7 302.654 92187.9 1.84739
29000 -13015.2 302.632 90019.2 1.83828
29500 -13406.1 302.555 87267.3 1.82924
30000 -13624.9 302.802 84859.3 1.82026
30500 -13881.2 304.271 82854.1 1.81134
31000 -14296.2 302.573 80422.1 1.80249
31500 -14496.3 303.781 78294.1 1.79371
32000 -14732.1 303.054 76334.1 1.78498
32500 -15058.6 302.233 74130 1.77632
33000 -15419.5 301.296 72140.8 1.76772
33500 -15503 303.166 70144.3 1.75918
34000 -15722.7 304.018 68250.4 1.7507
34500 -15995.9 303.192 66396.5 1.74229
35000 -16178.7 302.955 64796.4 1.73393
35500 -16351.8 303.746 63545.4 1.72562
36000 -16658.7 302.69 61694.3 1.71738
36500 -16926.9 301.711 59870.1 1.7092
37000 -17057.3 303.337 58561.3 1.70107
37500 -17304.8 302.033 57120.7 1.693
38000 -17340.5 302.756 55896.2 1.68498
38500 -17604.1 302.483 54381.9 1.67702
39000 -17812.1 301.584 52868.5 1.66911
39500 -17815.7 304.082 51398.2 1.66126
40000 -18048.6 302.746 49989.3 1.65347
40500 -18288.9 302.186 48830.3 1.64572
41000 -18370.3 303.067 47771.1 1.63803
41500 -18542.5 302.667 46507.8 1.63039
42000 -18518.8 304.09 45570.6 1.62281
42500 -18784.7 303.51 44335 1.61528
43000 -18948.9 302.676 43254.6 1.60779
43500 -19064.9 302.874 42491.6 1.60036
44000 -19231.6 302.703 41513.4 1.59298
44500 -19341.7 302.055 40463.1 1.58565
45000 -19467.4 302.448 39302.4 1.57836
45500 -19512.1 303.427 38470.4 1.57113
46000 -19732.6 301.927 37687.7 1.56394
46500 -19822.8 301.359 36686.1 1.55681
47000 -19815.5 302.518 35861.6 1.54972
47500 -19865 304.02 34824.2 1.54267
48000 -20114.4 302.43 34006.5 1.53568
48500 -20198.1 302.609 33044.5 1.52873
49000 -20244 303.204 32262.2 1.52182
49500 -20411.9 302.038 31380.2 1.51497
50000 -20442.3 302.179 30422.7 1.50815
50500 -20522.7 301.84 29913.1 1.50138
51000 -20622.7 301.443 29417.6 1.49466
51500 -20591 302.796 28748.8 1.48798
52000 -20726.4 302.433 27808.4 1.48134
52500 -20586.4 304.09 27018.2 1.47475
53000 -20916.7 300.84 26276.9 1.4682
53500 -20928.4 301.723 25798.6 1.46169
54000 -20883.1 303.457 24945 1.45523
54500 -21022.8 302.938 24402.4 1.44881
55000 -21092.4 302.345 23824.2 1.44242
55500 -21136.6 303.032 23281.5 1.43608
56000 -21079.4 303.674 22491.5 1.42978
56500 -21140 304.134 22064.6 1.42352
57000 -21408.5 302.41 21556.7 1.4173
57500 -21424.3 301.859 20994.3 1.41112
58000 -21371.8 303.519 20542.4 1.40498
58500 -21528.4 302.008 19689.4 1.39888
59000 -21510.6 302.322 19070.2 1.39281
59500 -21516.5 302.575 18939.8 1.38679
60000 -21532.1 302.419 18646.5 1.3808
60500 -21508 304.01 18098.6 1.37485
61000 -21707.7 301.477 17347.5 1.36894
61500 -21608.5 304.014 16743.4 1.36307
62000 -21629.8 303.758 16561.5 1.35723
62500 -21820.4 302.435 15966.3 1.35143
63000 -21719.2 303.105 15452.9 1.34566
63500 -21876.4 302.691 15141.9 1.33993
64000 -21820.9 302.905 14924.1 1.33424
64500 -21877.4 302.237 14318.5 1.32858
65000 -21737 304.975 13948.6 1.32296
65500 -21927.2 303.223 13590.5 1.31737
66000 -21866.4 304.192 13355.1 1.31182
66500 -21968.8 302.515 12831.9 1.3063
67000 -21994.5 301.916 12508 1.30081
67500 -21841.8 304.136 12278.9 1.29536
68000 -21978.9 302.293 11692.9 1.28994
68500 -22028 302.79 11466.9 1.28455
69000 -22011.6 302.987 11215.2 1.2792
69500 -21906.4 304.662 10914.3 1.27388
70000 -21959.9 303.687 10456.9 1.26859
70500 -22000.4 303.767 10246.1 1.26333
71000 -22000.8 304.47 10167.6 1.25811
71500 -22060.4 303.702 9713.89 1.25292
72000 -22092.2 303.388 9496.02 1.24776
72500 -22193.6 303.002 9118.97 1.24262
73000 -22047.8 304.224 8888.95 1.23752
73500 -22046.4 304.106 8555.72 1.23245
74000 -22003.5 303.752 8439.94 1.22742
74500 -22092.3 303.122 8318.68 1.22241
75000 -22259.1 301.926 7863.68 1.21743
75500 -22181.8 302.292 7642.76 1.21248
76000 -22077 303.322 7405.33 1.20756
76500 -22090.8 302.829 7049.25 1.20267
77000 -22040.4 304.272 6995.28 1.1978
77500 -22040 303.154 6871 1.19297
78000 -22164 302.141 6389.83 1.18816
78500 -22084.2 304.136 6291.61 1.18339
79000 -22101.8 303.299 6127.1 1.17864
79500 -22166.8 302.989 5997.5 1.17392
80000 -22153.8 302.491 5771.53 1.16922
80500 -22039.2 303.689 5756.42 1.16456
81000 -21979.1 304.489 5580.16 1.15992
81500 -21904.6 304.499 5096.25 1.15531
82000 -22117.7 302.82 5028.28 1.15072
82500 -22106.6 303.225 4900.84 1.14616
83000 -22052.4 302.825 4546.95 1.14163
83500 -22059.5 302.368 4491.09 1.13712
84000 -21910.7 304.722 4268.41 1.13264
84500 -21977.3 303.239 3906.48 1.12819
85000 -22123.4 302.455 3924.9 1.12376
85500 -22095.2 301.248 3821.66 1.11935
86000 -21991.8 303.332 3771.85 1.11497
86500 -21935.4 303.358 3553.68 1.11062
87000 -21974.4 303.06 3553.11 1.10629
87500 -21937 303.723 3195.04 1.10199
88000 -22024.4 303.618 3160.62 1.09771
88500 -21819.9 304.894 2931.06 1.09345
89000 -21823.9 303.589 2814.11 1.08922
89500 -21978.2 303.295 2889.66 1.08501
90000 -22047 302.943 2761.42 1.08083
90500 -21929.2 303.735 2508.41 1.07667
91000 -21916 303.612 2460.95 1.07253
91500 -21811.8 302.546 2054.75 1.06841
92000 -21671.3 304.449 2062.2 1.06432
92500 -21689.8 304.253 1947.67 1.06025
93000 -21789.9 303.044 1922.75 1.05621
93500 -21842.6 302.861 1740.25 1.05219
94000 -21615.9 304.711 1680.64 1.04818
94500 -21669.5 303.939 1656.13 1.04421
95000 -21717.1 303.764 1584.57 1.04025
95500 -21684.6 304.355 1502.86 1.03631
96000 -21684.7 303.353 1362.46 1.0324
96500 -21710.2 302.964 1228.14 1.02851
97000 -21692.2 303.275 1249.34 1.02464
97500 -21668.5 303.171 1085.43 1.02079
98000 -21532.1 304.082 1081.76 1.01696
98500 -21560.1 303.253 1125.6 1.01315
99000 -21599.4 302.955 1007.95 1.00937
99500 -21451.2 302.867 805.154 1.0056
100000 -21613.1 301.008 697.409 1.00185
